SEX,GEO,personal_care,work,study,household,leisure,travel
Females,Belgium,11.183333333333334,1.8833333333333333,0.26666666666666666,4.166666666666667,5.1,1.3666666666666667
Females,Bulgaria,11.633333333333333,2.5666666666666664,0.1,5.016666666666667,3.783333333333333,0.8666666666666667
Females,Estonia,10.5,3.0833333333333335,0.11666666666666667,4.883333333333333,4.3,1.0333333333333334
Females,Finland,10.633333333333333,2.55,0.26666666666666666,3.9333333333333336,5.283333333333333,1.1166666666666667
Females,France,11.883333333333333,2.283333333333333,0.23333333333333334,4.566666666666666,4.083333333333333,0.9
Females,Germany,10.966666666666667,1.9333333333333333,0.21666666666666667,4.233333333333333,5.25,1.3166666666666667
Females,Italy,11.2,1.8666666666666667,0.23333333333333334,5.333333333333333,4.1,1.2333333333333334
Females,Latvia,10.883333333333333,3.4833333333333334,0.2,3.9333333333333336,4.133333333333334,1.3333333333333333
Females,Lithuania,10.933333333333334,3.5166666666666666,0.16666666666666666,4.483333333333333,3.75,1.0833333333333333
Females,Norway,10.45,2.6333333333333333,0.25,3.783333333333333,5.666666666666667,1.1833333333333333
Females,Poland,11.05,2.25,0.23333333333333334,4.75,4.533333333333333,1.1
Females,Slovenia,10.533333333333333,2.7,0.31666666666666665,4.933333333333334,4.45,1.0333333333333334
Females,Spain,11.083333333333334,2.1,0.3333333333333333,4.916666666666667,4.433333333333334,1.0833333333333333
Females,United Kingdom,10.716666666666667,2.4,0.15,4.25,4.916666666666667,1.4166666666666667
Males,Belgium,10.75,3.1166666666666667,0.18333333333333332,2.466666666666667,5.966666666666667,1.5
Males,Bulgaria,11.9,3.533333333333333,0.05,2.6166666666666667,4.766666666666667,1.1166666666666667
Males,Estonia,10.583333333333334,4.45,0.1,2.55,5.033333333333333,1.2
Males,Finland,10.383333333333333,3.8,0.21666666666666667,2.2666666666666666,5.933333333333334,1.2
Males,France,11.733333333333333,3.8,0.25,2.4,4.733333333333333,1.05
Males,Germany,10.666666666666666,3.45,0.25,2.3666666666666667,5.7,1.4833333333333334
Males,Italy,11.266666666666667,4.25,0.18333333333333332,1.5833333333333335,5.083333333333333,1.5833333333333335
Males,Latvia,10.766666666666667,5.0,0.15,1.8333333333333335,4.75,1.4666666666666668
Males,Lithuania,10.883333333333333,4.75,0.15,2.15,4.783333333333333,1.2166666666666668
Males,Norway,10.1,4.066666666666666,0.2,2.35,5.866666666666667,1.35
Males,Poland,10.733333333333333,4.016666666666667,0.23333333333333334,2.3666666666666667,5.333333333333333,1.2166666666666668
Males,Slovenia,10.516666666666667,3.8833333333333333,0.25,2.6333333333333333,5.516666666666667,1.1666666666666667
Males,Spain,11.183333333333334,4.35,0.3,1.6166666666666667,5.266666666666667,1.2666666666666666
Males,United Kingdom,10.366666666666667,4.166666666666667,0.13333333333333333,2.3,5.366666666666666,1.5
